S 0 38 0 0 0 0 0 0 1 1 1 1 1 1 0 0 0 0 0 0 0 1 1 1 1 1 1 1 0 0 0 0 0 0 1 1 1 1 1 1 

n = 38
 0^{6}  1^{6}  0^{7}  1^{7}  0^{6}  1^{6} 

S 0 38 0 0 0 0 0 0 1 1 1 1 1 1 0 0 0 0 0 0 1 1 1 1 1 1 1 0 0 0 0 0 0 0 1 1 1 1 1 1 

n = 38
 0^{6}  1^{6}  0^{6}  1^{7}  0^{7}  1^{6} 

S 0 38 0 0 0 0 0 0 1 1 1 1 1 1 1 0 0 0 0 0 0 0 1 1 1 1 1 1 0 0 0 0 0 0 1 1 1 1 1 1 

n = 38
 0^{6}  1^{7}  0^{7}  1^{6}  0^{6}  1^{6} 

S 0 38 0 0 0 0 0 0 1 1 1 1 1 1 1 0 0 0 0 0 0 1 1 1 1 1 1 0 0 0 0 0 0 0 1 1 1 1 1 1 

n = 38
 0^{6}  1^{7}  0^{6}  1^{6}  0^{7}  1^{6} 

S 0 38 0 0 0 1 1 1 1 1 1 0 0 0 0 0 0 0 1 1 1 1 1 1 1 0 0 0 0 0 0 1 1 1 1 1 1 0 0 0 

n = 38
 0^{3}  1^{6}  0^{7}  1^{7}  0^{6}  1^{6}  0^{3} 

S 0 38 0 0 0 1 1 1 1 1 1 0 0 0 0 0 0 1 1 1 1 1 1 1 0 0 0 0 0 0 0 1 1 1 1 1 1 0 0 0 

n = 38
 0^{3}  1^{6}  0^{6}  1^{7}  0^{7}  1^{6}  0^{3} 

T SUM NUM_NODES 17502
T SUM NUM_PRUNES 8752
T SUM SEARCH_TIME 0.026842

T MAX BIGGEST_N 38
T SUM NUM_SOLUTIONS 6

