S 0 74 0 0 0 0 0 0 0 0 1 1 1 1 1 1 1 1 0 0 0 0 0 0 0 0 1 1 1 1 1 1 1 1 1 1 0 0 0 0 0 0 0 0 0 0 1 1 1 1 1 1 1 1 0 0 0 0 0 0 0 0 1 1 1 1 1 1 1 1 1 1 0 0 0 0 

n = 74
 0^{8}  1^{8}  0^{8}  1^{10}  0^{10}  1^{8}  0^{8}  1^{10}  0^{4} 

S 0 74 0 0 0 0 0 0 0 0 1 1 1 1 1 1 1 1 0 0 0 0 0 0 0 0 1 1 1 1 1 1 1 1 1 1 0 0 0 0 0 0 0 0 0 0 1 1 1 1 1 1 1 1 1 1 0 0 0 0 0 0 0 0 1 1 1 1 1 1 1 1 0 0 0 0 

n = 74
 0^{8}  1^{8}  0^{8}  1^{10}  0^{10}  1^{10}  0^{8}  1^{8}  0^{4} 

S 0 74 0 0 0 0 0 0 0 0 1 1 1 1 1 1 1 1 1 1 0 0 0 0 0 0 0 0 1 1 1 1 1 1 1 1 0 0 0 0 0 0 0 0 0 0 1 1 1 1 1 1 1 1 1 1 0 0 0 0 0 0 0 0 1 1 1 1 1 1 1 1 0 0 0 0 

n = 74
 0^{8}  1^{10}  0^{8}  1^{8}  0^{10}  1^{10}  0^{8}  1^{8}  0^{4} 

S 0 74 0 0 0 0 1 1 1 1 1 1 1 1 0 0 0 0 0 0 0 0 1 1 1 1 1 1 1 1 1 1 0 0 0 0 0 0 0 0 0 0 1 1 1 1 1 1 1 1 0 0 0 0 0 0 0 0 1 1 1 1 1 1 1 1 1 1 0 0 0 0 0 0 0 0 

n = 74
 0^{4}  1^{8}  0^{8}  1^{10}  0^{10}  1^{8}  0^{8}  1^{10}  0^{8} 

S 0 74 0 0 0 0 1 1 1 1 1 1 1 1 0 0 0 0 0 0 0 0 1 1 1 1 1 1 1 1 1 1 0 0 0 0 0 0 0 0 0 0 1 1 1 1 1 1 1 1 1 1 0 0 0 0 0 0 0 0 1 1 1 1 1 1 1 1 0 0 0 0 0 0 0 0 

n = 74
 0^{4}  1^{8}  0^{8}  1^{10}  0^{10}  1^{10}  0^{8}  1^{8}  0^{8} 

S 0 74 0 0 0 0 1 1 1 1 1 1 1 1 1 1 0 0 0 0 0 0 0 0 1 1 1 1 1 1 1 1 0 0 0 0 0 0 0 0 0 0 1 1 1 1 1 1 1 1 1 1 0 0 0 0 0 0 0 0 1 1 1 1 1 1 1 1 0 0 0 0 0 0 0 0 

n = 74
 0^{4}  1^{10}  0^{8}  1^{8}  0^{10}  1^{10}  0^{8}  1^{8}  0^{8} 

T SUM NUM_NODES 2140916
T SUM NUM_PRUNES 1070459
T SUM SEARCH_TIME 2.911768

T MAX BIGGEST_N 74
T SUM NUM_SOLUTIONS 6

