S 0 92 0 0 0 0 0 0 0 1 1 1 1 1 0 1 1 0 0 0 0 0 0 1 1 1 1 1 1 1 0 0 0 0 0 1 1 1 1 1 1 1 0 0 0 0 0 0 0 1 1 1 1 1 0 0 0 0 0 0 0 1 1 1 1 1 1 1 0 0 0 0 0 1 1 1 1 1 1 0 1 0 0 0 0 0 0 1 1 1 1 1 1 1 

n = 92
 0^{7}  1^{5}  0^{1}  1^{2}  0^{6}  1^{7}  0^{5}  1^{7}  0^{7}  1^{5}  0^{7}  1^{7}  0^{5}  1^{6}  0^{1}  1^{1}  0^{6}  1^{7} 

S 0 92 0 0 0 0 0 0 0 1 1 1 1 1 0 1 1 0 0 0 0 0 0 1 1 1 1 1 1 1 0 0 0 0 0 1 1 1 1 1 1 1 0 0 0 0 0 0 0 1 1 1 1 1 0 0 0 0 0 0 0 1 1 1 1 1 1 1 0 0 0 0 0 1 1 1 1 1 1 1 0 0 0 0 0 0 0 1 1 1 1 1 1 1 

n = 92
 0^{7}  1^{5}  0^{1}  1^{2}  0^{6}  1^{7}  0^{5}  1^{7}  0^{7}  1^{5}  0^{7}  1^{7}  0^{5}  1^{7}  0^{7}  1^{7} 

S 0 92 0 0 0 0 0 0 0 1 1 1 1 1 0 1 1 0 0 0 0 0 0 1 1 1 1 1 1 1 0 0 0 0 0 1 1 1 1 1 1 1 0 0 0 0 0 0 0 1 1 1 1 1 0 0 0 0 0 0 0 1 1 1 1 1 1 1 0 0 0 0 0 1 1 1 1 1 1 1 0 0 0 0 0 0 1 0 1 1 1 1 1 1 

n = 92
 0^{7}  1^{5}  0^{1}  1^{2}  0^{6}  1^{7}  0^{5}  1^{7}  0^{7}  1^{5}  0^{7}  1^{7}  0^{5}  1^{7}  0^{6}  1^{1}  0^{1}  1^{6} 

S 0 92 0 0 0 0 0 0 0 1 1 1 1 1 0 1 1 0 0 0 0 0 0 1 1 1 1 1 1 1 0 0 0 0 0 1 1 1 1 1 1 1 0 0 0 0 0 0 0 1 1 1 1 1 0 0 0 0 0 0 0 1 1 1 1 1 1 1 0 0 0 0 0 1 1 1 1 1 1 1 0 0 0 0 0 0 1 1 0 1 1 1 1 1 

n = 92
 0^{7}  1^{5}  0^{1}  1^{2}  0^{6}  1^{7}  0^{5}  1^{7}  0^{7}  1^{5}  0^{7}  1^{7}  0^{5}  1^{7}  0^{6}  1^{2}  0^{1}  1^{5} 

S 0 92 0 0 0 0 0 0 0 1 1 1 1 1 0 1 1 0 0 0 0 0 0 1 1 1 1 1 1 1 0 0 0 0 0 1 1 1 1 1 1 1 0 0 0 0 0 0 0 1 1 1 1 1 0 0 0 0 0 0 1 0 1 1 1 1 1 1 0 0 0 0 0 1 1 1 1 1 1 1 0 0 0 0 0 0 0 1 1 1 1 1 1 1 

n = 92
 0^{7}  1^{5}  0^{1}  1^{2}  0^{6}  1^{7}  0^{5}  1^{7}  0^{7}  1^{5}  0^{6}  1^{1}  0^{1}  1^{6}  0^{5}  1^{7}  0^{7}  1^{7} 

S 0 92 0 0 0 0 0 0 0 1 1 1 1 1 1 0 1 0 0 0 0 0 0 1 1 1 1 1 0 0 0 0 0 0 0 1 1 1 1 1 1 1 0 0 0 0 0 1 1 1 1 1 1 0 1 0 0 0 0 0 0 1 1 1 1 1 0 0 0 0 0 0 0 1 1 1 1 1 1 1 0 0 0 0 0 0 0 1 1 1 1 1 1 1 

n = 92
 0^{7}  1^{6}  0^{1}  1^{1}  0^{6}  1^{5}  0^{7}  1^{7}  0^{5}  1^{6}  0^{1}  1^{1}  0^{6}  1^{5}  0^{7}  1^{7}  0^{7}  1^{7} 

S 0 92 0 0 0 0 0 0 0 1 1 1 1 1 1 0 1 0 0 0 0 0 0 1 1 1 1 1 0 0 0 0 0 0 0 1 1 1 1 1 1 1 0 0 0 0 0 1 1 1 1 1 1 0 1 0 0 0 0 0 0 1 1 1 1 1 0 0 0 0 0 0 0 1 1 1 1 1 1 1 0 0 0 0 0 0 1 0 1 1 1 1 1 1 

n = 92
 0^{7}  1^{6}  0^{1}  1^{1}  0^{6}  1^{5}  0^{7}  1^{7}  0^{5}  1^{6}  0^{1}  1^{1}  0^{6}  1^{5}  0^{7}  1^{7}  0^{6}  1^{1}  0^{1}  1^{6} 

S 0 92 0 0 0 0 0 0 0 1 1 1 1 1 1 0 1 0 0 0 0 0 0 1 1 1 1 1 0 0 0 0 0 0 0 1 1 1 1 1 1 1 0 0 0 0 0 1 1 1 1 1 1 0 1 0 0 0 0 0 0 1 1 1 1 1 0 0 0 0 0 0 0 1 1 1 1 1 1 1 0 0 0 0 0 0 1 1 0 1 1 1 1 1 

n = 92
 0^{7}  1^{6}  0^{1}  1^{1}  0^{6}  1^{5}  0^{7}  1^{7}  0^{5}  1^{6}  0^{1}  1^{1}  0^{6}  1^{5}  0^{7}  1^{7}  0^{6}  1^{2}  0^{1}  1^{5} 

S 0 92 0 0 0 0 0 0 0 1 1 1 1 1 1 0 1 0 0 0 0 0 0 1 1 1 1 1 0 0 0 0 0 0 0 1 1 1 1 1 1 1 0 0 0 0 0 1 1 1 1 1 1 0 1 0 0 0 0 0 0 1 1 1 1 1 0 0 0 0 0 0 0 1 1 1 1 1 1 1 0 0 0 0 0 1 0 0 1 1 1 1 1 1 

n = 92
 0^{7}  1^{6}  0^{1}  1^{1}  0^{6}  1^{5}  0^{7}  1^{7}  0^{5}  1^{6}  0^{1}  1^{1}  0^{6}  1^{5}  0^{7}  1^{7}  0^{5}  1^{1}  0^{2}  1^{6} 

S 0 92 0 0 0 0 0 0 0 1 1 1 1 1 1 0 1 0 0 0 0 0 0 1 1 1 1 1 0 0 0 0 0 0 0 1 1 1 1 1 1 1 0 0 0 0 0 1 1 1 1 1 1 0 1 0 0 0 0 0 0 1 1 1 1 1 0 0 0 0 0 0 0 1 1 1 1 1 1 1 0 0 0 0 0 1 0 1 0 1 1 1 1 1 

n = 92
 0^{7}  1^{6}  0^{1}  1^{1}  0^{6}  1^{5}  0^{7}  1^{7}  0^{5}  1^{6}  0^{1}  1^{1}  0^{6}  1^{5}  0^{7}  1^{7}  0^{5}  1^{1}  0^{1}  1^{1}  0^{1}  1^{5} 

P 0 91 0 0 0 0 0 0 0 1 1 1 1 1 1 0 1 0 0 0 0 0 0 1 1 1 1 1 0 0 0 0 0 0 0 1 1 1 1 1 1 1 0 0 0 0 0 1 1 1 1 1 1 0 1 0 0 0 0 0 0 1 1 1 1 1 0 0 0 0 0 0 0 1 1 1 1 1 1 1 0 0 0 0 0 1 0 1 0 1 1 1 1 
T SUM NUM_NODES 6040239
T SUM NUM_PRUNES 3020096
T SUM SEARCH_TIME 8.496038

T MAX BIGGEST_N 92
T SUM NUM_SOLUTIONS 10

