S 0 114 0 0 0 0 0 0 0 0 1 1 1 1 1 0 0 0 0 0 0 0 0 1 1 1 1 1 1 1 1 0 0 0 0 0 0 0 0 1 1 1 1 1 1 1 1 0 0 0 0 0 1 1 1 1 1 1 1 1 0 0 0 0 0 0 0 1 1 1 1 1 0 0 0 0 0 0 0 0 1 1 1 1 1 1 1 0 0 0 0 0 0 0 0 1 1 1 1 1 1 1 1 0 0 0 0 0 1 1 1 1 1 1 1 1 

n = 114
 0^{8}  1^{5}  0^{8}  1^{8}  0^{8}  1^{8}  0^{5}  1^{8}  0^{7}  1^{5}  0^{8}  1^{7}  0^{8}  1^{8}  0^{5}  1^{8} 

S 0 114 0 0 0 0 0 0 0 0 1 1 1 1 1 0 0 0 0 0 0 0 0 1 1 1 1 1 1 1 1 0 0 0 0 0 0 0 1 1 1 1 1 1 1 1 0 0 0 0 0 1 1 1 1 1 1 1 0 0 0 0 0 0 0 0 1 1 1 1 1 0 0 0 0 0 0 0 0 1 1 1 1 1 1 1 1 0 0 0 0 0 0 0 0 1 1 1 1 1 1 1 1 0 0 0 0 0 1 1 1 1 1 1 1 1 

n = 114
 0^{8}  1^{5}  0^{8}  1^{8}  0^{7}  1^{8}  0^{5}  1^{7}  0^{8}  1^{5}  0^{8}  1^{8}  0^{8}  1^{8}  0^{5}  1^{8} 

S 0 114 0 0 0 0 0 0 0 0 1 1 1 1 1 0 0 0 0 0 0 0 0 1 1 1 1 1 1 1 1 0 0 0 0 0 0 0 1 1 1 1 1 1 1 1 0 0 0 0 0 1 1 1 1 1 1 1 0 0 0 0 0 0 0 0 1 1 1 1 1 0 0 0 0 0 0 0 0 1 1 1 1 1 1 1 1 0 0 0 0 0 1 1 1 1 1 1 1 1 0 0 0 0 0 0 0 0 1 1 1 1 1 1 1 1 

n = 114
 0^{8}  1^{5}  0^{8}  1^{8}  0^{7}  1^{8}  0^{5}  1^{7}  0^{8}  1^{5}  0^{8}  1^{8}  0^{5}  1^{8}  0^{8}  1^{8} 

S 0 114 0 0 0 0 0 0 0 0 1 1 1 1 1 0 0 0 0 0 0 0 0 1 1 1 1 1 1 1 1 0 0 0 0 0 0 0 1 1 1 1 1 1 1 1 0 0 0 0 0 1 1 1 1 1 1 1 0 0 0 0 0 0 0 0 1 1 1 1 1 0 0 0 0 0 0 0 0 1 1 1 1 1 1 1 1 0 0 0 0 0 1 1 1 1 1 1 1 1 0 0 0 0 0 0 0 1 0 1 1 1 1 1 1 1 

n = 114
 0^{8}  1^{5}  0^{8}  1^{8}  0^{7}  1^{8}  0^{5}  1^{7}  0^{8}  1^{5}  0^{8}  1^{8}  0^{5}  1^{8}  0^{7}  1^{1}  0^{1}  1^{7} 

S 0 114 0 0 0 0 0 0 0 0 1 1 1 1 1 0 0 0 0 0 0 0 0 1 1 1 1 1 1 1 1 0 0 0 0 0 0 0 1 1 1 1 1 1 1 1 0 0 0 0 0 1 1 1 1 1 1 1 1 0 0 0 0 0 0 0 0 1 1 1 1 1 0 0 0 0 0 0 0 0 1 1 1 1 1 1 1 0 0 0 0 0 0 0 0 1 1 1 1 1 1 1 1 0 0 0 0 0 1 1 1 1 1 1 1 1 

n = 114
 0^{8}  1^{5}  0^{8}  1^{8}  0^{7}  1^{8}  0^{5}  1^{8}  0^{8}  1^{5}  0^{8}  1^{7}  0^{8}  1^{8}  0^{5}  1^{8} 

S 0 114 0 0 0 0 0 0 0 0 1 1 1 1 1 0 0 0 0 0 0 0 0 1 1 1 1 1 1 1 1 0 0 0 0 0 0 0 1 1 1 1 1 1 1 1 0 0 0 0 0 1 1 1 1 1 1 1 1 0 0 0 0 0 0 0 0 1 1 1 1 1 0 0 0 0 0 0 0 0 1 1 1 1 1 1 1 0 0 0 0 0 1 1 1 1 1 1 1 1 0 0 0 0 0 0 0 0 1 1 1 1 1 1 1 1 

n = 114
 0^{8}  1^{5}  0^{8}  1^{8}  0^{7}  1^{8}  0^{5}  1^{8}  0^{8}  1^{5}  0^{8}  1^{7}  0^{5}  1^{8}  0^{8}  1^{8} 

S 0 114 0 0 0 0 0 0 0 0 1 1 1 1 1 0 0 0 0 0 0 0 0 1 1 1 1 1 1 1 1 0 0 0 0 0 0 0 1 1 1 1 1 1 1 1 0 0 0 0 0 1 1 1 1 1 1 1 1 0 0 0 0 0 0 0 0 1 1 1 1 1 0 0 0 0 0 0 0 0 1 1 1 1 1 1 1 0 0 0 0 0 1 1 1 1 1 1 1 1 0 0 0 0 0 0 0 1 0 1 1 1 1 1 1 1 

n = 114
 0^{8}  1^{5}  0^{8}  1^{8}  0^{7}  1^{8}  0^{5}  1^{8}  0^{8}  1^{5}  0^{8}  1^{7}  0^{5}  1^{8}  0^{7}  1^{1}  0^{1}  1^{7} 

S 0 114 0 0 0 0 0 0 0 0 1 1 1 1 1 0 0 0 0 0 0 0 0 1 1 1 1 1 1 1 1 0 0 0 0 0 1 1 1 1 1 1 1 1 0 0 0 0 0 0 0 1 1 1 1 1 1 1 0 0 0 0 0 0 0 0 1 1 1 1 1 0 0 0 0 0 0 0 0 1 1 1 1 1 1 1 1 0 0 0 0 0 1 1 1 1 1 1 1 1 0 0 0 0 0 0 0 0 1 1 1 1 1 1 1 1 

n = 114
 0^{8}  1^{5}  0^{8}  1^{8}  0^{5}  1^{8}  0^{7}  1^{7}  0^{8}  1^{5}  0^{8}  1^{8}  0^{5}  1^{8}  0^{8}  1^{8} 

S 0 114 0 0 0 0 0 0 0 0 1 1 1 1 1 0 0 0 0 0 0 0 0 1 1 1 1 1 1 1 1 0 0 0 0 0 1 1 1 1 1 1 1 1 0 0 0 0 0 0 0 1 1 1 1 1 1 1 0 0 0 0 0 0 0 0 1 1 1 1 1 0 0 0 0 0 0 0 0 1 1 1 1 1 1 1 1 0 0 0 0 0 1 1 1 1 1 1 1 1 0 0 0 0 0 0 0 1 0 1 1 1 1 1 1 1 

n = 114
 0^{8}  1^{5}  0^{8}  1^{8}  0^{5}  1^{8}  0^{7}  1^{7}  0^{8}  1^{5}  0^{8}  1^{8}  0^{5}  1^{8}  0^{7}  1^{1}  0^{1}  1^{7} 

S 0 114 0 0 0 0 0 0 0 0 1 1 1 1 1 0 0 0 0 0 0 0 0 1 1 1 1 1 1 1 1 0 0 0 0 0 1 1 1 1 1 1 1 1 0 0 0 0 0 0 0 1 1 1 1 1 1 1 1 0 0 0 0 0 0 0 0 1 1 1 1 1 0 0 0 0 0 0 0 0 1 1 1 1 1 1 1 0 0 0 0 0 1 1 1 1 1 1 1 1 0 0 0 0 0 0 0 0 1 1 1 1 1 1 1 1 

n = 114
 0^{8}  1^{5}  0^{8}  1^{8}  0^{5}  1^{8}  0^{7}  1^{8}  0^{8}  1^{5}  0^{8}  1^{7}  0^{5}  1^{8}  0^{8}  1^{8} 

P 0 113 0 0 0 0 0 0 0 0 1 1 1 1 1 0 0 0 0 0 0 0 0 1 1 1 1 1 1 1 1 0 0 0 0 0 1 1 1 1 1 1 1 1 0 0 0 0 0 0 0 1 1 1 1 1 1 1 1 0 0 0 0 0 0 0 0 1 1 1 1 1 0 0 0 0 0 0 0 0 1 1 1 1 1 1 1 0 0 0 0 0 1 1 1 1 1 1 1 1 0 0 0 0 0 0 0 0 1 1 1 1 1 1 1 
T SUM NUM_NODES 200993
T SUM NUM_PRUNES 100468
T SUM SEARCH_TIME 0.333615

T MAX BIGGEST_N 114
T SUM NUM_SOLUTIONS 10

