S 0 50 0 0 0 0 1 1 1 1 1 1 0 1 0 0 0 0 0 0 1 1 1 1 1 1 1 0 0 0 0 0 0 0 1 1 1 1 1 1 0 1 0 0 0 0 0 0 1 1 1 1 

n = 50
 0^{4}  1^{6}  0^{1}  1^{1}  0^{6}  1^{7}  0^{7}  1^{6}  0^{1}  1^{1}  0^{6}  1^{4} 

S 0 50 0 0 0 0 1 1 1 1 1 1 0 1 0 0 0 0 0 0 1 1 1 1 1 1 1 0 0 0 0 0 0 0 1 1 1 1 1 1 1 0 0 0 0 0 0 0 1 1 1 1 

n = 50
 0^{4}  1^{6}  0^{1}  1^{1}  0^{6}  1^{7}  0^{7}  1^{7}  0^{7}  1^{4} 

S 0 50 0 0 0 0 1 1 1 1 1 1 1 0 0 0 0 0 0 0 1 1 1 1 1 1 0 1 0 0 0 0 0 0 1 1 1 1 1 1 1 0 0 0 0 0 0 0 1 1 1 1 

n = 50
 0^{4}  1^{7}  0^{7}  1^{6}  0^{1}  1^{1}  0^{6}  1^{7}  0^{7}  1^{4} 

S 0 50 0 0 0 0 1 1 1 1 1 1 1 0 0 0 0 0 0 0 1 1 1 1 1 1 1 0 0 0 0 0 0 0 1 1 1 1 1 1 0 1 0 0 0 0 0 0 1 1 1 1 

n = 50
 0^{4}  1^{7}  0^{7}  1^{7}  0^{7}  1^{6}  0^{1}  1^{1}  0^{6}  1^{4} 

S 0 50 0 0 0 0 1 1 1 1 1 1 1 0 0 0 0 0 0 0 1 1 1 1 1 1 1 0 0 0 0 0 0 0 1 1 1 1 1 1 1 0 0 0 0 0 0 0 1 1 1 1 

n = 50
 0^{4}  1^{7}  0^{7}  1^{7}  0^{7}  1^{7}  0^{7}  1^{4} 

S 0 50 0 0 0 0 1 1 1 1 1 1 1 0 0 0 0 0 0 0 1 1 1 1 1 1 1 0 0 0 0 0 0 1 0 1 1 1 1 1 1 0 0 0 0 0 0 0 1 1 1 1 

n = 50
 0^{4}  1^{7}  0^{7}  1^{7}  0^{6}  1^{1}  0^{1}  1^{6}  0^{7}  1^{4} 

S 0 50 0 0 0 0 1 1 1 1 1 1 1 0 0 0 0 0 0 1 0 1 1 1 1 1 1 0 0 0 0 0 0 0 1 1 1 1 1 1 1 0 0 0 0 0 0 0 1 1 1 1 

n = 50
 0^{4}  1^{7}  0^{6}  1^{1}  0^{1}  1^{6}  0^{7}  1^{7}  0^{7}  1^{4} 

T SUM NUM_NODES 226832
T SUM NUM_PRUNES 113417
T SUM SEARCH_TIME 0.255491

T MAX BIGGEST_N 50
T SUM NUM_SOLUTIONS 7

