S 0 64 0 0 0 0 0 0 0 0 1 1 1 1 1 1 1 1 0 0 0 0 0 0 0 0 1 1 1 1 1 1 1 1 0 0 0 0 0 0 0 0 1 1 1 1 1 1 1 1 0 0 0 0 0 0 0 0 1 1 1 1 1 1 1 1 

n = 64
 0^{8}  1^{8}  0^{8}  1^{8}  0^{8}  1^{8}  0^{8}  1^{8} 

S 0 64 0 0 0 0 1 1 1 1 1 1 1 1 0 0 0 0 0 0 0 0 1 1 1 1 1 1 1 1 0 0 0 0 0 0 0 0 1 1 1 1 1 1 1 1 0 0 0 0 0 0 0 0 1 1 1 1 1 1 1 1 0 0 0 0 

n = 64
 0^{4}  1^{8}  0^{8}  1^{8}  0^{8}  1^{8}  0^{8}  1^{8}  0^{4} 

T SUM NUM_NODES 795664
T SUM NUM_PRUNES 397833
T SUM SEARCH_TIME 0.933648

T MAX BIGGEST_N 64
T SUM NUM_SOLUTIONS 2

