S 0 96 0 0 0 0 0 0 0 0 0 0 0 0 1 1 1 1 1 1 1 1 1 1 1 1 0 0 0 0 0 0 0 0 0 0 0 0 1 1 1 1 1 1 1 1 1 1 1 1 0 0 0 0 0 0 0 0 0 0 0 0 1 1 1 1 1 1 1 1 1 1 1 1 0 0 0 0 0 0 0 0 0 0 0 0 1 1 1 1 1 1 1 1 1 1 1 1 

n = 96
 0^{12}  1^{12}  0^{12}  1^{12}  0^{12}  1^{12}  0^{12}  1^{12} 

S 0 96 0 0 0 0 0 0 0 0 1 1 1 1 1 1 1 1 1 1 1 1 0 0 0 0 0 0 0 0 0 0 0 0 1 1 1 1 1 1 1 1 1 1 1 1 0 0 0 0 0 0 0 0 0 0 0 0 1 1 1 1 1 1 1 1 1 1 1 1 0 0 0 0 0 0 0 0 0 0 0 0 1 1 1 1 1 1 1 1 1 1 1 1 0 0 0 0 

n = 96
 0^{8}  1^{12}  0^{12}  1^{12}  0^{12}  1^{12}  0^{12}  1^{12}  0^{4} 

S 0 96 0 0 0 0 1 1 1 1 1 1 1 1 1 1 1 1 0 0 0 0 0 0 0 0 0 0 0 0 1 1 1 1 1 1 1 1 1 1 1 1 0 0 0 0 0 0 0 0 0 0 0 0 1 1 1 1 1 1 1 1 1 1 1 1 0 0 0 0 0 0 0 0 0 0 0 0 1 1 1 1 1 1 1 1 1 1 1 1 0 0 0 0 0 0 0 0 

n = 96
 0^{4}  1^{12}  0^{12}  1^{12}  0^{12}  1^{12}  0^{12}  1^{12}  0^{8} 

P 0 22 0 0 1 0 1 1 0 0 1 0 0 1 1 1 0 0 1 1 1 1 1 0 
T SUM NUM_NODES 6577740
T SUM NUM_PRUNES 3288865
T SUM SEARCH_TIME 9.998217

T MAX BIGGEST_N 96
T SUM NUM_SOLUTIONS 3

