S 0 82 0 0 0 0 0 0 0 0 1 1 1 1 1 1 1 1 1 1 0 1 0 0 0 0 0 0 0 0 0 0 1 1 1 1 1 1 1 1 1 1 1 0 0 0 0 0 0 0 0 0 0 0 1 1 1 1 1 1 1 1 1 1 0 1 0 0 0 0 0 0 0 0 0 0 1 1 1 1 1 1 1 1 

n = 82
 0^{8}  1^{10}  0^{1}  1^{1}  0^{10}  1^{11}  0^{11}  1^{10}  0^{1}  1^{1}  0^{10}  1^{8} 

S 0 82 0 0 0 0 0 0 0 0 1 1 1 1 1 1 1 1 1 1 0 1 0 0 0 0 0 0 0 0 0 0 1 1 1 1 1 1 1 1 1 1 1 0 0 0 0 0 0 0 0 0 0 0 1 1 1 1 1 1 1 1 1 1 1 0 0 0 0 0 0 0 0 0 0 0 1 1 1 1 1 1 1 1 

n = 82
 0^{8}  1^{10}  0^{1}  1^{1}  0^{10}  1^{11}  0^{11}  1^{11}  0^{11}  1^{8} 

S 0 82 0 0 0 0 0 0 0 0 1 1 1 1 1 1 1 1 1 1 1 0 0 0 0 0 0 0 0 0 0 0 1 1 1 1 1 1 1 1 1 1 0 1 0 0 0 0 0 0 0 0 0 0 1 1 1 1 1 1 1 1 1 1 1 0 0 0 0 0 0 0 0 0 0 0 1 1 1 1 1 1 1 1 

n = 82
 0^{8}  1^{11}  0^{11}  1^{10}  0^{1}  1^{1}  0^{10}  1^{11}  0^{11}  1^{8} 

S 0 82 0 0 0 0 0 0 0 0 1 1 1 1 1 1 1 1 1 1 1 0 0 0 0 0 0 0 0 0 0 0 1 1 1 1 1 1 1 1 1 1 1 0 0 0 0 0 0 0 0 0 0 0 1 1 1 1 1 1 1 1 1 1 0 1 0 0 0 0 0 0 0 0 0 0 1 1 1 1 1 1 1 1 

n = 82
 0^{8}  1^{11}  0^{11}  1^{11}  0^{11}  1^{10}  0^{1}  1^{1}  0^{10}  1^{8} 

S 0 82 0 0 0 0 0 0 0 0 1 1 1 1 1 1 1 1 1 1 1 0 0 0 0 0 0 0 0 0 0 0 1 1 1 1 1 1 1 1 1 1 1 0 0 0 0 0 0 0 0 0 0 0 1 1 1 1 1 1 1 1 1 1 1 0 0 0 0 0 0 0 0 0 0 0 1 1 1 1 1 1 1 1 

n = 82
 0^{8}  1^{11}  0^{11}  1^{11}  0^{11}  1^{11}  0^{11}  1^{8} 

S 0 82 0 0 0 0 0 0 0 0 1 1 1 1 1 1 1 1 1 1 1 0 0 0 0 0 0 0 0 0 0 0 1 1 1 1 1 1 1 1 1 1 1 0 0 0 0 0 0 0 0 0 0 1 0 1 1 1 1 1 1 1 1 1 1 0 0 0 0 0 0 0 0 0 0 0 1 1 1 1 1 1 1 1 

n = 82
 0^{8}  1^{11}  0^{11}  1^{11}  0^{10}  1^{1}  0^{1}  1^{10}  0^{11}  1^{8} 

S 0 82 0 0 0 0 0 0 0 0 1 1 1 1 1 1 1 1 1 1 1 0 0 0 0 0 0 0 0 0 0 1 0 1 1 1 1 1 1 1 1 1 1 0 0 0 0 0 0 0 0 0 0 0 1 1 1 1 1 1 1 1 1 1 1 0 0 0 0 0 0 0 0 0 0 0 1 1 1 1 1 1 1 1 

n = 82
 0^{8}  1^{11}  0^{10}  1^{1}  0^{1}  1^{10}  0^{11}  1^{11}  0^{11}  1^{8} 

P 0 18 0 1 1 1 1 1 0 0 0 1 1 0 1 1 1 0 0 1 
T SUM NUM_NODES 4716475
T SUM NUM_PRUNES 2358234
T SUM SEARCH_TIME 6.784363

T MAX BIGGEST_N 82
T SUM NUM_SOLUTIONS 7

