S 0 50 0 0 0 0 0 0 0 0 0 0 0 0 0 0 1 1 1 1 1 1 1 1 1 1 1 1 1 1 1 0 0 0 0 0 0 0 0 0 0 0 0 0 0 0 1 1 1 1 1 1 

n = 50
 0^{14}  1^{15}  0^{15}  1^{6} 

S 0 51 0 0 0 0 0 0 0 0 0 0 0 0 0 0 1 1 1 1 1 1 1 1 1 1 1 1 1 1 1 0 0 0 0 0 0 0 0 0 0 0 0 0 0 0 1 1 1 1 1 1 1 

n = 51
 0^{14}  1^{15}  0^{15}  1^{7} 

S 0 52 0 0 0 0 0 0 0 0 0 0 0 0 0 0 1 1 1 1 1 1 1 1 1 1 1 1 1 1 1 0 0 0 0 0 0 0 0 0 0 0 0 0 0 0 1 1 1 1 1 1 1 1 

n = 52
 0^{14}  1^{15}  0^{15}  1^{8} 

S 0 53 0 0 0 0 0 0 0 0 0 0 0 0 0 0 1 1 1 1 1 1 1 1 1 1 1 1 1 1 1 0 0 0 0 0 0 0 0 0 0 0 0 0 0 0 1 1 1 1 1 1 1 1 1 

n = 53
 0^{14}  1^{15}  0^{15}  1^{9} 

S 0 54 0 0 0 0 0 0 0 0 0 0 0 0 0 0 1 1 1 1 1 1 1 1 1 1 1 1 1 1 1 0 0 0 0 0 0 0 0 0 0 0 0 0 0 0 1 1 1 1 1 1 1 1 1 1 

n = 54
 0^{14}  1^{15}  0^{15}  1^{10} 

S 0 55 0 0 0 0 0 0 0 0 0 0 0 0 0 0 1 1 1 1 1 1 1 1 1 1 1 1 1 1 1 0 0 0 0 0 0 0 0 0 0 0 0 0 0 0 1 1 1 1 1 1 1 1 1 1 1 

n = 55
 0^{14}  1^{15}  0^{15}  1^{11} 

S 0 56 0 0 0 0 0 0 0 0 0 0 0 0 0 0 1 1 1 1 1 1 1 1 1 1 1 1 1 1 1 0 0 0 0 0 0 0 0 0 0 0 0 0 0 0 1 1 1 1 1 1 1 1 1 1 1 1 

n = 56
 0^{14}  1^{15}  0^{15}  1^{12} 

S 0 57 0 0 0 0 0 0 0 0 0 0 0 0 0 0 1 1 1 1 1 1 1 1 1 1 1 1 1 1 1 0 0 0 0 0 0 0 0 0 0 0 0 0 0 0 1 1 1 1 1 1 1 1 1 1 1 1 1 

n = 57
 0^{14}  1^{15}  0^{15}  1^{13} 

S 0 58 0 0 0 0 0 0 0 0 0 0 0 0 0 0 1 1 1 1 1 1 1 1 1 1 1 1 1 1 1 0 0 0 0 0 0 0 0 0 0 0 0 0 0 0 1 1 1 1 1 1 1 1 1 1 1 1 1 1 

n = 58
 0^{14}  1^{15}  0^{15}  1^{14} 

P 0 26 0 0 0 0 0 0 0 1 1 1 1 1 1 1 0 0 1 0 1 1 0 0 1 0 1 0 
T SUM NUM_NODES 4003480
T SUM NUM_PRUNES 2001733
T SUM SEARCH_TIME 6.579846

T MAX BIGGEST_N 58
T SUM NUM_SOLUTIONS 9

