S 0 66 0 0 0 0 0 0 0 0 1 1 1 1 1 1 1 1 0 0 0 0 0 0 0 0 0 1 1 1 1 1 1 1 1 0 0 0 0 0 0 0 0 1 1 1 1 1 1 1 1 1 0 0 0 0 0 0 0 0 1 1 1 1 1 1 1 1 

n = 66
 0^{8}  1^{8}  0^{9}  1^{8}  0^{8}  1^{9}  0^{8}  1^{8} 

S 0 66 0 0 0 0 0 0 0 0 1 1 1 1 1 1 1 1 0 0 0 0 0 0 0 0 0 1 1 1 1 1 1 1 1 1 0 0 0 0 0 0 0 0 1 1 1 1 1 1 1 1 0 0 0 0 0 0 0 0 1 1 1 1 1 1 1 1 

n = 66
 0^{8}  1^{8}  0^{9}  1^{9}  0^{8}  1^{8}  0^{8}  1^{8} 

S 0 66 0 0 0 0 0 0 0 0 1 1 1 1 1 1 1 1 0 0 0 0 0 0 0 0 1 1 1 1 1 1 1 1 0 0 0 0 0 0 0 0 0 1 1 1 1 1 1 1 1 1 0 0 0 0 0 0 0 0 1 1 1 1 1 1 1 1 

n = 66
 0^{8}  1^{8}  0^{8}  1^{8}  0^{9}  1^{9}  0^{8}  1^{8} 

S 0 66 0 0 0 0 0 0 0 0 1 1 1 1 1 1 1 1 0 0 0 0 0 0 0 0 1 1 1 1 1 1 1 1 0 0 0 0 0 0 0 0 1 1 1 1 1 1 1 1 1 0 0 0 0 0 0 0 0 0 1 1 1 1 1 1 1 1 

n = 66
 0^{8}  1^{8}  0^{8}  1^{8}  0^{8}  1^{9}  0^{9}  1^{8} 

S 0 66 0 0 0 0 0 0 0 0 1 1 1 1 1 1 1 1 0 0 0 0 0 0 0 0 1 1 1 1 1 1 1 1 1 0 0 0 0 0 0 0 0 0 1 1 1 1 1 1 1 1 0 0 0 0 0 0 0 0 1 1 1 1 1 1 1 1 

n = 66
 0^{8}  1^{8}  0^{8}  1^{9}  0^{9}  1^{8}  0^{8}  1^{8} 

S 0 66 0 0 0 0 0 0 0 0 1 1 1 1 1 1 1 1 0 0 0 0 0 0 0 0 1 1 1 1 1 1 1 1 1 0 0 0 0 0 0 0 0 1 1 1 1 1 1 1 1 0 0 0 0 0 0 0 0 0 1 1 1 1 1 1 1 1 

n = 66
 0^{8}  1^{8}  0^{8}  1^{9}  0^{8}  1^{8}  0^{9}  1^{8} 

S 0 66 0 0 0 0 0 0 0 0 1 1 1 1 1 1 1 1 1 0 0 0 0 0 0 0 0 0 1 1 1 1 1 1 1 1 0 0 0 0 0 0 0 0 1 1 1 1 1 1 1 1 0 0 0 0 0 0 0 0 1 1 1 1 1 1 1 1 

n = 66
 0^{8}  1^{9}  0^{9}  1^{8}  0^{8}  1^{8}  0^{8}  1^{8} 

S 0 66 0 0 0 0 0 0 0 0 1 1 1 1 1 1 1 1 1 0 0 0 0 0 0 0 0 1 1 1 1 1 1 1 1 0 0 0 0 0 0 0 0 0 1 1 1 1 1 1 1 1 0 0 0 0 0 0 0 0 1 1 1 1 1 1 1 1 

n = 66
 0^{8}  1^{9}  0^{8}  1^{8}  0^{9}  1^{8}  0^{8}  1^{8} 

S 0 66 0 0 0 0 0 0 0 0 1 1 1 1 1 1 1 1 1 0 0 0 0 0 0 0 0 1 1 1 1 1 1 1 1 0 0 0 0 0 0 0 0 1 1 1 1 1 1 1 1 0 0 0 0 0 0 0 0 0 1 1 1 1 1 1 1 1 

n = 66
 0^{8}  1^{9}  0^{8}  1^{8}  0^{8}  1^{8}  0^{9}  1^{8} 

S 0 66 0 0 0 0 1 1 1 1 1 1 1 1 0 0 0 0 0 0 0 0 0 1 1 1 1 1 1 1 1 0 0 0 0 0 0 0 0 1 1 1 1 1 1 1 1 1 0 0 0 0 0 0 0 0 1 1 1 1 1 1 1 1 0 0 0 0 

n = 66
 0^{4}  1^{8}  0^{9}  1^{8}  0^{8}  1^{9}  0^{8}  1^{8}  0^{4} 

P 0 65 0 0 0 0 1 1 1 1 1 1 1 1 0 0 0 0 0 0 0 0 0 1 1 1 1 1 1 1 1 0 0 0 0 0 0 0 0 1 1 1 1 1 1 1 1 1 0 0 0 0 0 0 0 0 1 1 1 1 1 1 1 1 0 0 0 
T SUM NUM_NODES 216339
T SUM NUM_PRUNES 108153
T SUM SEARCH_TIME 0.275055

T MAX BIGGEST_N 66
T SUM NUM_SOLUTIONS 10

